experimental run 1
loss: 0.792724
precision: 0.292447
recall: 0.831925
f1: 0.432764
pr_auc: 0.515298

experimental run 2
loss: 0.789481
precision: 0.277812
recall: 0.894437
f1: 0.423946
pr_auc: 0.522500

threshold_optimization experimentalrun 2
===================================
THRESHOLD RESULTS
===================================
    threshold  precision    recall        f1
0        0.05   0.250936  0.975097  0.399153
1        0.10   0.259763  0.967012  0.409519
2        0.15   0.268555  0.958441  0.419551
3        0.20   0.276560  0.952620  0.428670
4        0.25   0.283028  0.946798  0.435786
5        0.30   0.288372  0.940006  0.441348
6        0.35   0.293691  0.930466  0.446462
7        0.40   0.298962  0.917529  0.450980
8        0.45   0.305743  0.899580  0.456376
9        0.50   0.316393  0.873868  0.464580
10       0.55   0.336967  0.819696  0.477599
11       0.60   0.374332  0.701811  0.488244
12       0.65   0.432654  0.528784  0.475913
13       0.70   0.543119  0.382924  0.449165
14       0.75   0.677608  0.300453  0.416312
15       0.80   0.779971  0.261966  0.392204
16       0.85   0.849090  0.233829  0.366679
17       0.90   0.893231  0.206986  0.336090
18       0.95   0.924742  0.145052  0.250769

===================================
BEST THRESHOLD
===================================
threshold    0.600000
precision    0.374332
recall       0.701811
f1           0.488244

hard neative experimental run 2 
===================================
TRAIN NEGATIVES
===================================
(135119, 518)

===================================
HARD NEGATIVES
===================================
Count: 9000
Fraction: 0.06660795298958695

===================================
SAVED
===================================
hard_negatives.csv

===================================
TOP HARD NEGATIVES
===================================
            tic_id  sector  window_id  hard_negative_prob
74684     55748194      48         20            0.997883
122537    55748194      48          7            0.996536
132696    55748194      75          1            0.995522
4339      55748194      48          5            0.995445
65361     77031413      69          7            0.995413
8890     381856446      67          2            0.995329
77235     77031413      69          4            0.995183
127244    55748194      48          4            0.994695
87303    381856446      67          5            0.994624
39219    381856446      27          2            0.993807
35889    446549905      27         29            0.993772
64434    381856446      67          1            0.993534
24379   1965256662      55          2            0.993099
23080    241102583      82         14            0.992937
126204    55748194      48         22            0.992873
123997   446549905      27          5            0.992830
93325    155491828      34         24            0.992830
48180    241102583      82         15            0.992388
108104   381856446      67         15            0.992360
114117   241102583      82         19            0.992106


false positive analysis experiminetal run 2

Count: 7254
===================================
TOP FALSE POSITIVES
===================================
          tic_id  sector  window_id  predicted_probability
20474   99330090      49         29               0.992598
34396   31858844      27         35               0.991201
19320   99330090      48         43               0.989379
27682   99330090      48          8               0.988187
23541   38686737      31         18               0.987137
16520   38686737      31         17               0.986958
32762  169904935      34         54               0.986941
34619  169904935      34          2               0.986431
18572  404610583      83          6               0.985211
9179   360824561      67          0               0.983230
20633   38686737       5         47               0.982764
17151   38686737       5         44               0.982415
13830   38686737       5         19               0.982133
11584  116608612      44         28               0.981532
20131   31858844      13         42               0.980509
29654   31858844      13          6               0.978219
622     31858844      13          8               0.978185
26000  157568289      33         64               0.977395
30074  404610583      83          1               0.976754
11632  116608612      43          4               0.976679


experimental_run_3b.py 
VALIDATION: loss: 1.435983 
precision: 0.048217 
recall: 0.992784 
f1: 0.091967 
pr_auc: 0.621095

experimental run 3c
VALIDATION:loss: 0.370119precision: 0.180218recall: 0.757066f1: 0.291132pr_auc: 0.588452

experimental idea 5
loss: 0.396959
precision: 0.739385
recall: 0.417701
f1: 0.533827
pr_auc: 0.654290


 experimental idea 6
 loss: 0.396959
precision: 0.739385
recall: 0.417701
f1: 0.533827
pr_auc: 0.654290